-28 -27
-24 -25
27 -40
-48 -1
-2 14
28 -47
-22 -36
41 -6
-37 -34
48 27
49 43
32 -49
12 -12
-34 -21
18 -16
-24 -47
20 -39
41 10
27 -7
23 19
18 10
-50 7
31 -34
7 -44
-25 21
-1 4
16 -8
12 42
13 -4
-11 -2
43 14
2 -36
-22 1
5 20
22 -18
-6 21
-50 23
-18 -48
0 -21
-20 -26
0 -40
31 7
-3 28
-47 -33
-9 -18
-38 46
-11 2
-8 19
19 14
-31 -10
-29 -14
-43 45
-35 -50
34 47
33 -13
-9 28
25 22
39 -16
-18 -25
0 -15
-17 46
-45 27
39 4
-2 -21
-33 30
-39 -48
-21 17
10 15
2 -31
-5 15
15 11
-30 40
6 3
-27 -22
30 -3
-23 48
-12 8
25 36
4 -43
-2 -26
-24 24
-49 18
-3 -23
23 -10
10 0
-23 -32
4 -29
-16 29
-44 30
41 -20
0 7
45 -44
-36 -32
-21 -27
-21 -5
-41 25
38 1
41 -16
37 20
6 -48
